run_xgb_thresh_study.R

> run_time
 [1] 85.11 41.45 41.67 43.31 42.52 43.21 43.02 43.36 40.31 42.11 41.72 42.50 42.18 43.75 41.98 42.26 40.31 42.15 41.65 42.40 42.64 42.69 42.34
[24] 42.98
> mae_res
   seed rain_thresh mae_cv_test mae_cv_trn   mae_xgb
1  1999          10    21.61308   22.16741 0.8879067
2  1999          20    21.55037   22.05910 1.1568462
3  1999          30    21.52590   22.00795 1.3709931
4  1999          40    21.52426   21.98804 1.4527094
5  1999          50    21.52196   21.97813 1.5078578
6  1999          60    21.52158   21.97700 1.5617442
7  1999          70    21.52305   21.97576 1.7037303
8  1999          80    21.52375   21.97641 1.7908193
9  2015          10    23.14646   21.51551 0.8908714
10 2015          20    23.07737   21.40712 1.1552880
11 2015          30    23.04952   21.35977 1.3761850
12 2015          40    23.04212   21.34035 1.4610654
13 2015          50    23.04173   21.33315 1.5169400
14 2015          60    23.04110   21.33076 1.5753657
15 2015          70    23.04093   21.33097 1.7257762
16 2015          80    23.04119   21.33279 1.8124194
17    7          10    22.83211   21.64529 0.8870970
18    7          20    22.76332   21.53310 1.1547703
19    7          30    22.74139   21.48648 1.3767810
20    7          40    22.73831   21.46573 1.4536956
21    7          50    22.73837   21.45706 1.5108283
22    7          60    22.73891   21.45493 1.5771965
23    7          70    22.74039   21.45205 1.7220493
24    7          80    22.73947   21.45586 1.7998924


rdata_file <- '../train_agg_10pct.RData'

create_submission <- FALSE
cv_frac_trn <- .7
tcheck.print <- TRUE

mae_res <- data.frame()
run_time <- numeric() 


for (set_seed in c(1999, 2015, 7)) {
    for (set_rain_thresh in seq(10, 80, 10)) {
        source ('../dave/gbm_cv.R')
        mae_res <- rbind( mae_res, data.frame( seed=set_seed, rain_thresh=set_rain_thresh, mae_cv_test, mae_cv_trn, mae_xgb))
        run_time <- c(run_time, sum( time_df$delta ))
    }
}
